m = [1, 1.5, 1.6, 1.7, 1.8, 1.9, 2.0, 2.1, 2.2, 2.3, 2.4, 2.5, 2.6, 2.7, 2.8]
n_zatazovanie = [19, 17.6, 17.4, 17.1, 16.8, 16.5, 16.3, 16, 15.7, 15.4, 15.2, 14.9, 14.6, 14.4, 14.1, 13.8]
n_odoberanie = [19, 17.6, 17.3, 17.0, 16.8, 16.5, 16.2, 16.0, 15.7, 15.4, 15.1, 14.8, 14.6, 14.3, 14.1, 13.8]
\vardelta_l = [0.0, 0.013999999999999985, 0.016000000000000014, 0.018999999999999986, 0.021999999999999992, 0.025, 0.026999999999999993, 0.03, 0.03300000000000001, 0.036, 0.038000000000000006, 0.040999999999999995, 0.044000000000000004, 0.04599999999999999, 0.049, 0.05199999999999999]
F = [9.81, 14.715, 15.696000000000002, 16.677, 17.658, 18.639, 19.62, 20.601000000000003, 21.582000000000004, 22.563, 23.544, 24.525000000000002, 25.506000000000004, 26.487000000000002, 27.468]

m = [0, 0.1, 0.2, 0.3, 0.4, 0.5, 0.6, 0.7, 0.8, 0.9, 1]
zataz = [0, 1.3, 2.2, 3.1, 4.1, 5.1, 6.1, 7.1, 8.1, 9, 10]
odoberanie = [0, 1.2, 2.5, 3.2, 4.1, 5.1, 6.1, 7.1, 8, 9, 10]

m = [0.01, 0.03, 0.06, 0.11, 0.21]
zatazenie = [4.5, 4.9, 5.4, 6.3, 8.2]
odober = [4.5, 4.9, 5.4, 6.4, 8.2]